
98.26833509328947 Kappa accuracy (%)
98.48238482384824 Overall accuracy (%)
95.91028985446806 Average accuracy (%)

                              precision    recall  f1-score   support

                     Alfalfa       0.95      0.95      0.95        41
                 Corn-notill       1.00      0.96      0.98      1285
                Corn-mintill       0.97      1.00      0.98       747
                        Corn       0.94      1.00      0.97       213
               Grass-pasture       1.00      0.96      0.98       435
                 Grass-trees       0.99      0.99      0.99       657
         Grass-pasture-mowed       1.00      1.00      1.00        25
               Hay-windrowed       1.00      1.00      1.00       430
                        Oats       0.92      0.61      0.73        18
              Soybean-notill       1.00      0.99      0.99       875
             Soybean-mintill       0.97      1.00      0.99      2210
               Soybean-clean       0.98      0.96      0.97       534
                       Wheat       1.00      1.00      1.00       185
                       Woods       0.99      1.00      1.00      1139
Buildings-Grass-Trees-Drives       1.00      0.94      0.97       347
          Stone-Steel-Towers       0.87      0.99      0.93        84

                    accuracy                           0.98      9225
                   macro avg       0.97      0.96      0.96      9225
                weighted avg       0.99      0.98      0.98      9225

[[  39    0    0    0    0    1    0    1    0    0    0    0    0    0
     0    0]
 [   2 1234    0    0    0    1    0    0    0    2   46    0    0    0
     0    0]
 [   0    0  746    1    0    0    0    0    0    0    0    0    0    0
     0    0]
 [   0    0    0  212    0    0    0    0    0    0    0    1    0    0
     0    0]
 [   0    0    9    6  417    0    0    0    1    0    2    0    0    0
     0    0]
 [   0    0    0    0    0  652    0    0    0    0    0    0    0    5
     0    0]
 [   0    0    0    0    0    0   25    0    0    0    0    0    0    0
     0    0]
 [   0    0    0    0    0    0    0  430    0    0    0    0    0    0
     0    0]
 [   0    0    7    0    0    0    0    0   11    0    0    0    0    0
     0    0]
 [   0    0    1    3    0    0    0    0    0  866    4    1    0    0
     0    0]
 [   0    0    0    0    0    2    0    0    0    0 2206    0    0    2
     0    0]
 [   0    0    7    2    0    0    0    0    0    0    0  514    0    0
     0   11]
 [   0    0    0    0    0    0    0    0    0    0    0    0  185    0
     0    0]
 [   0    0    0    0    0    0    0    0    0    0    0    0    0 1139
     0    0]
 [   0    0    2    2    0    0    0    0    0    0    7    6    0    3
   326    1]
 [   0    0    0    0    0    0    0    0    0    0    0    1    0    0
     0   83]]