
98.50343581292546 Kappa accuracy (%)
98.68834688346884 Overall accuracy (%)
97.30799404727853 Average accuracy (%)

                              precision    recall  f1-score   support

                     Alfalfa       0.93      0.95      0.94        41
                 Corn-notill       1.00      0.96      0.98      1285
                Corn-mintill       0.98      1.00      0.99       747
                        Corn       0.98      1.00      0.99       213
               Grass-pasture       1.00      0.98      0.99       435
                 Grass-trees       1.00      0.99      0.99       657
         Grass-pasture-mowed       1.00      1.00      1.00        25
               Hay-windrowed       1.00      1.00      1.00       430
                        Oats       1.00      0.78      0.88        18
              Soybean-notill       0.99      0.99      0.99       875
             Soybean-mintill       0.97      1.00      0.98      2210
               Soybean-clean       1.00      0.96      0.98       534
                       Wheat       1.00      1.00      1.00       185
                       Woods       0.99      1.00      1.00      1139
Buildings-Grass-Trees-Drives       1.00      0.97      0.99       347
          Stone-Steel-Towers       0.90      0.99      0.94        84

                    accuracy                           0.99      9225
                   macro avg       0.98      0.97      0.98      9225
                weighted avg       0.99      0.99      0.99      9225

[[  39    0    0    0    0    0    0    2    0    0    0    0    0    0
     0    0]
 [   3 1233    1    0    0    1    0    0    0    2   45    0    0    0
     0    0]
 [   0    0  746    1    0    0    0    0    0    0    0    0    0    0
     0    0]
 [   0    0    0  213    0    0    0    0    0    0    0    0    0    0
     0    0]
 [   0    0    3    1  428    1    0    0    0    0    2    0    0    0
     0    0]
 [   0    1    0    0    0  650    0    0    0    0    0    0    0    6
     0    0]
 [   0    0    0    0    0    0   25    0    0    0    0    0    0    0
     0    0]
 [   0    0    0    0    0    0    0  430    0    0    0    0    0    0
     0    0]
 [   0    0    4    0    0    0    0    0   14    0    0    0    0    0
     0    0]
 [   0    0    0    0    0    0    0    0    0  870    5    0    0    0
     0    0]
 [   0    0    0    0    0    1    0    0    0    7 2200    0    0    2
     0    0]
 [   0    0    6    2    0    0    0    0    0    4    0  513    0    0
     0    9]
 [   0    0    0    0    0    0    0    0    0    0    0    0  185    0
     0    0]
 [   0    1    0    0    0    0    0    0    0    0    0    0    0 1138
     0    0]
 [   0    0    0    0    0    0    0    0    0    0   10    0    0    0
   337    0]
 [   0    0    0    0    0    0    0    0    0    0    0    1    0    0
     0   83]]